 VARIABLES="X","Y","bx"
 ZONE F=POINT, I=                    32 J=                    32
 tn=   5.00000000000000     
 nx=                    32 ny=                    32
 L1-rh=  1.668632092413784E-002   order=   5.90519029197059     
 Linf-rh=  3.908733764192124E-003   order=   7.99908296305879     
 L2-rh=  4.227624095885151E-003   order=   7.88593718114677     
