 VARIABLES="X","Y","bx"
 ZONE F=POINT, I=                   128 J=                   128
 tn=   5.00000000000000     
 nx=                   128 ny=                   128
 L1-rh=  9.329428809125413E-004   order=   2.07807722340374     
 Linf-rh=  9.294514993465897E-005   order=   2.68974415271840     
 L2-rh=  1.811876485558596E-004   order=   2.18424081230548     
