 VARIABLES="X","Y","by"
 ZONE F=POINT, I=                    32 J=                    32
 tn=   5.00000000000000     
 nx=                    32 ny=                    32
 L1-rh=  1.637737946132245E-002   order=   5.93215165945073     
 Linf-rh=  3.914871661244934E-003   order=   7.99681927132721     
 L2-rh=  4.108117601723446E-003   order=   7.92730680286120     
