 VARIABLES="X","Y","by"
 ZONE F=POINT, I=                   128 J=                   128
 tn=   5.00000000000000     
 nx=                   128 ny=                   128
 L1-rh=  9.018422074562143E-004   order=   2.08115850927144     
 Linf-rh=  8.410843460016082E-005   order=   2.79144266571339     
 L2-rh=  1.714404825020953E-004   order=   2.19485877484920     
