 VARIABLES="X","Y","bz"
 ZONE F=POINT, I=                    32 J=                    32
 tn=   5.00000000000000     
 nx=                    32 ny=                    32
 L1-rh=  0.000000000000000E+000   order=                Infinity
 Linf-rh=  0.000000000000000E+000   order=                Infinity
 L2-rh=  0.000000000000000E+000   order=                Infinity
