 VARIABLES="X","Y","p"
 ZONE F=POINT, I=                   128 J=                   128
 tn=   5.00000000000000     
 nx=                   128 ny=                   128
 L1-rh=  7.712840285647540E-005   order=   3.30979040382599     
 Linf-rh=  2.593256364730179E-005   order=   3.35731560581313     
 L2-rh=  2.980071259420424E-005   order=   3.33057757416391     
