 VARIABLES="X","Y","p"
 ZONE F=POINT, I=                    32 J=                    32
 tn=   5.00000000000000     
 nx=                    32 ny=                    32
 L1-rh=  8.265161518293689E-003   order=   6.91874127163398     
 Linf-rh=  1.764702016518771E-003   order=   9.14635969073191     
 L2-rh=  2.430277383675163E-003   order=   8.68466329708037     
