 VARIABLES="X","Y","<greek>r<\greek>"
 ZONE F=POINT, I=                    32 J=                    32
 tn=   5.00000000000000     
 nx=                    32 ny=                    32
 L1-rh=  4.773689888006938E-003   order=   7.71067943662662     
 Linf-rh=  1.045569394847568E-003   order=   9.90149546732568     
 L2-rh=  1.376999582468351E-003   order=   9.50425616264087     
