 VARIABLES="X","Y","<greek>r<\greek>"
 ZONE F=POINT, I=                   128 J=                   128
 tn=   5.00000000000000     
 nx=                   128 ny=                   128
 L1-rh=  4.572425566322629E-005   order=   3.31267600696708     
 Linf-rh=  1.393708753805178E-005   order=   3.34705883749804     
 L2-rh=  1.738924600228218E-005   order=   3.34283805039723     
