 VARIABLES="X","Y","ux"
 ZONE F=POINT, I=                    32 J=                    32
 tn=   5.00000000000000     
 nx=                    32 ny=                    32
 L1-rh=  8.292415862236590E-003   order=   6.91399181566505     
 Linf-rh=  3.522768872303433E-003   order=   8.14907446146704     
 L2-rh=  3.313572379722198E-003   order=   8.23739685152334     
