 VARIABLES="X","Y","ux"
 ZONE F=POINT, I=                   128 J=                   128
 tn=   5.00000000000000     
 nx=                   128 ny=                   128
 L1-rh=  6.020482770949790E-005   order=   3.33370064017291     
 Linf-rh=  3.554180350362479E-005   order=   3.53504258966204     
 L2-rh=  3.174062208084725E-005   order=   3.27428973873264     
