 VARIABLES="X","Y","uy"
 ZONE F=POINT, I=                    32 J=                    32
 tn=   5.00000000000000     
 nx=                    32 ny=                    32
 L1-rh=  6.522842699211468E-003   order=   7.26028344685126     
 Linf-rh=  2.685229966829766E-003   order=   8.54073863675019     
 L2-rh=  2.538379343978614E-003   order=   8.62187659815399     
