 VARIABLES="X","Y","uy"
 ZONE F=POINT, I=                   128 J=                   128
 tn=   5.00000000000000     
 nx=                   128 ny=                   128
 L1-rh=  5.839359589989592E-005   order=   3.17369206429739     
 Linf-rh=  3.806332840072812E-005   order=   3.16433826428229     
 L2-rh=  2.821401104618105E-005   order=   3.20515820487121     
